207 247 1647.242846339941 1654.6423322427952 Auckland_0_0
214 256 1656.0769185735012 1663.4764044763554 Hamilton_0_1
211 253 1663.6039931965447 1671.0034790993989 Hamilton_0_0
218 261 1676.4203729954136 1683.8198588982677 Napier_1_0
217 259 1684.2312949097613 1691.6307808126155 Napier_0_0
220 266 1701.2563426494598 1708.655828552314 Wellington_0_1
219 263 1708.8011753250719 1716.200661227926 Wellington_0_0
210 250 1749.1825748980045 1756.5820608008587 Christchurch_0_0
266 334 3410.336398333311 3417.735884236165 Cape Town_0_0
267 336 3417.8832013108067 3425.2826872136607 Cape Town_1_0
276 346 3450.17863458395 3457.578120486804 George_0_0
277 348 3457.621578457879 3465.021064360733 George_0_1
312 385 3506.6591270267963 3514.0586129296503 Vaal_0_0
311 383 3580.1636739969254 3587.5631598997793 Upington_0_0
327 414 4549.83839532733 4557.237881230184 Cadiz_1_0
326 411 4557.716704913507 4565.116190816361 Cadiz_0_0
360 469 4566.495268513309 4573.894754416164 Sevilla_0_0
361 472 4574.0004977236995 4581.399983626554 Sevilla_0_1
240 296 4590.048117803011 4597.447603705866 Lisboa_0_0
238 290 4598.510428765642 4605.909914668497 Alverca do Ribatejo_1_0
236 284 4606.451152652802 4613.850638555657 Alverca do Ribatejo_0_0
241 299 4614.218362451875 4621.617848354729 Lisboa_0_1
239 293 4622.676044609234 4630.075530512088 Alverca do Ribatejo_1_1
237 287 4630.614292032334 4638.013777935188 Alverca do Ribatejo_0_1
340 435 4652.428833539594 4659.828319442448 Getafe_0_0
341 437 4659.888005446622 4667.287491349476 Getafe_0_1
256 320 4678.14031162862 4685.5397975314745 Vila Nova de Famalicao_0_0
257 323 4685.673084256489 4693.072570159344 Vila Nova de Famalicao_0_1
366 483 4693.1806294263915 4700.580115329246 Vigo_0_0
369 486 4700.713649966974 4708.1131358698285 Vigo_0_1
355 462 4726.127668981842 4733.527154884697 Rubi_0_0
356 464 4733.659006026686 4741.058491929541 Rubi_1_0
342 439 4744.80375067125 4752.203236574104 Irun_0_0
343 441 4752.235982947185 4759.63546885004 Irun_0_1
68 86 4761.205807335696 4768.60529323855 Bordeaux_0_0
82 102 4769.271201749059 4776.670687651914 Nantes_0_0
83 104 4776.843170924155 4784.242656827009 Nantes_1_0
84 106 4792.1632025539875 4799.562688456842 Nice_0_0
86 108 4799.563374695129 4806.962860597983 Nice_0_1
400 524 4813.823079829079 4821.222565731933 Barry_0_0
415 555 4831.258111675413 4838.657597578267 Heathrow_0_0
161 189 4844.465713178093 4851.865199080948 Dublin_0_0
162 192 4852.091710729395 4859.49119663225 Dublin_1_0
183 215 4869.444607187389 4876.844093090243 Torino_0_0
38 48 4878.365221050381 4885.764706953235 Houdeng-Goegnies_0_0
383 501 4887.167784328359 4894.567270231213 Berne_0_0
384 503 4894.569820986749 4901.969306889603 Berne_0_1
40 52 4903.211761451115 4910.61124735397 SCHOTEN_0_0
42 56 4910.686961345465 4918.086447248319 SCHOTEN_1_0
41 54 4918.163377784946 4925.5628636878 SCHOTEN_0_1
43 58 4925.6383010638865 4933.037786966741 SCHOTEN_1_1
124 150 4934.330027872548 4941.729513775403 Freiburg_0_0
385 505 4941.963091326123 4949.362577228977 Zurich_0_0
386 507 4949.366268448017 4956.765754350871 Zurich_0_1
156 184 4957.305867710815 4964.705353613669 Troisdorf-Spich_0_0
158 186 4964.762293577258 4972.161779480112 Troisdorf-Spich_1_0
387 509 4972.699398009631 4980.098883912486 Zurich_1_0
388 511 4980.102691331049 4987.502177233903 Zurich_1_1
106 130 4987.999921209573 4995.399407112427 Dortmund_0_0
140 168 4995.77565598872 5003.175141891575 Mannheim_0_0
108 132 5003.556380892378 5010.955866795232 Dortmund_0_1
110 134 5011.015135429672 5018.414621332527 Dortmund_1_0
112 136 5018.419745679628 5025.819231582483 Dortmund_1_1
116 142 5026.192322835469 5033.591808738323 Frankfurt_0_0
118 144 5033.596935668082 5040.996421570936 Frankfurt_0_1
120 146 5038.654553996742 5046.054039899596 Frankfurt_1_0
122 148 5041.054916200396 5048.454402103251 Frankfurt_1_1
98 122 5048.567306475645 5055.966792378499 Bremen_0_0
100 124 5055.973522643506 5063.37300854636 Bremen_0_1
102 126 5063.425612018866 5070.82509792172 Bremen_1_0
104 128 5070.831912832576 5078.23139873543 Bremen_1_1
9 10 7427.3818553984165 7434.781341301271 Brisbane_1_0
8 8 7435.083703508508 7442.483189411362 Brisbane_0_0
28 38 7526.861289083958 7534.260774986812 Sydney_0_1
26 36 7534.371731814338 7541.7712177171925 Sydney_0_0
25 33 7645.489407211542 7652.8888931143965 Melbourne_1_1
208 248 7708.349149722111 7715.748635624966 Auckland_0_0
24 30 7771.135039446686 7778.534525349541 Melbourne_1_0
23 27 7778.752151306513 7786.151637209367 Melbourne_0_1
19 21 7786.16913996612 7793.568625868975 Derrimut_1_1
22 24 7793.658746916466 7801.05823281932 Melbourne_0_0
16 18 7801.075906294167 7808.475392197021 Derrimut_1_0
13 15 7808.6879858915145 7816.087471794369 Derrimut_0_1
10 12 7816.158710018997 7823.558195921852 Derrimut_0_0
189 222 12326.838797360659 12334.238283263512 Narita_0_1
188 221 12334.270653610523 12341.670139513377 Narita_0_0
195 228 12342.195723476474 12349.595209379328 Tokyo_1_1
193 226 12349.795121907287 12357.194607810141 Tokyo_0_1
194 227 12357.423991948013 12364.823477850867 Tokyo_1_0
192 225 12365.024576344535 12372.424062247388 Tokyo_0_0
191 224 12410.076515108347 12417.4760010112 Osaka_0_1
190 223 12417.485541527825 12424.885027430679 Osaka_0_0
2 2 13421.919899225235 13429.319385128088 Adelaide_0_1
6 6 13429.716997737187 13437.11648364004 Adelaide_1_1
0 0 13437.430086272778 13444.829572175631 Adelaide_0_0
4 4 13445.224446752893 13452.623932655746 Adelaide_1_0
14 16 13500.314944505692 13507.714430408545 Derrimut_0_1
20 22 13507.861780267658 13515.261266170512 Derrimut_1_1
11 13 13515.392202811292 13522.791688714145 Derrimut_0_0
17 19 13522.938271973717 13530.33775787657 Derrimut_1_0
