301 373 426.0320870876312 433.43157299048534 Port Elizabeth_0_0
303 375 433.744294080346 441.1437799832001 Port Elizabeth_1_0
302 374 441.3395332412553 448.7390191441094 Port Elizabeth_0_1
304 376 449.0497290306451 456.4492149334992 Port Elizabeth_1_1
271 341 460.2181992708864 467.6176851737405 East London_0_0
272 342 467.7043379969588 475.10382389981294 East London_0_1
264 332 516.1447575390339 523.5442434418879 Bloemfontein_0_0
284 356 525.654999573798 533.0544854766521 Kimberley_0_0
285 357 533.3435834815649 540.743069384419 Kimberley_1_0
265 333 542.6491260648156 550.0486119676697 Bloemfontein_0_1
282 354 552.2337367070758 559.6332226099298 Jetpark_0_0
293 365 565.936616898772 573.336102801626 Pietermaritzburg_0_0
270 340 573.7414132842201 581.1408991870742 Durban_0_0
295 367 581.4195261727302 588.8190120755843 Pietermaritzburg_1_0
294 366 588.8926037174637 596.2920896203177 Pietermaritzburg_0_1
313 387 599.3273498083687 606.7268357112227 Welkom_0_0
291 363 609.9403638800674 617.3398497829214 Newcastle_0_0
292 364 617.4639280478318 624.8634139506859 Newcastle_1_0
283 355 626.0810648538744 633.4805507567285 Johannesburg_0_0
262 330 633.572173740107 640.9716596429611 Bedfordview_0_0
273 343 641.0071257079826 648.4066116108366 EDENVALE_0_0
278 350 648.4119224122738 655.8114083151279 Greenstone_0_0
286 358 655.8289797275347 663.2284656303888 LINBRO PARK_0_0
280 352 663.3973542570781 670.7968401599321 Greenstone_1_0
263 331 670.9325266529744 678.3320125558284 Bedfordview_0_1
287 359 678.3505765641013 685.7500624669553 Midrand_0_0
274 344 685.8486658234162 693.2481517262703 Gauteng_0_0
279 351 693.3248984893534 700.7243843922074 Greenstone_0_1
288 360 700.8532218090628 708.2527077119169 Midrand_1_0
275 345 708.3486958980629 715.748181800917 Gauteng_1_0
281 353 715.8228368113773 723.2223227142314 Greenstone_1_1
268 338 723.3354820977733 730.7349680006273 Centurion_0_0
269 339 730.8843708278356 738.2838567306896 Centurion_1_0
46 64 740.3593249146599 747.7588108175139 Gaborone_0_0
47 65 747.9610745584089 755.3605604612629 Gaborone_1_0
314 388 757.9626101095972 765.3620960124513 Witbank_0_0
289 361 766.6462054197802 774.0456913226343 Nelspruit_0_0
290 362 774.0837696688427 781.4832555716968 Nelspruit_0_1
297 369 782.0932878921261 789.4927737949802 Polokwane_0_0
299 371 789.6040845876832 797.0035704905373 Polokwane_1_0
298 370 797.0732380245161 804.4727239273701 Polokwane_0_1
300 372 804.5831726746094 811.9826585774634 Polokwane_1_1
196 229 813.1255564936201 820.5250423964742 Maputo_0_0
197 230 820.5574353141769 827.956921217031 Maputo_0_1
430 585 829.6783564090729 837.0778423119269 Lusaka_0_0
328 418 1621.9443619251251 1629.3438478279793 Cartagena_0_0
329 420 1629.5071156518486 1636.9066015547028 Cartagena_0_1
365 482 1645.833450525999 1653.2329364288532 Valencia_0_0
317 392 1668.173266172409 1675.5727520752632 Argentona_0_0
179 211 1696.315680602119 1703.7151665049732 Rome_0_0
181 213 1703.882799685923 1711.282285588777 Rome_1_0
180 212 1711.4280161582326 1718.8275020610868 Rome_0_1
182 214 1718.994185282856 1726.3936711857102 Rome_1_1
85 107 1733.4901720890234 1740.8896579918776 Nice_0_0
87 109 1740.9564914221871 1748.3559773250413 Nice_0_1
175 207 1751.9074040225948 1759.306889925449 Milan_0_0
177 209 1759.5326708663324 1766.9321567691866 Milan_1_0
176 208 1767.1175558129562 1774.5170417158104 Milan_0_1
178 210 1774.7412911051974 1782.1407770080516 Milan_1_1
184 217 1784.0877595551026 1791.4872454579568 Verona_0_0
185 218 1791.6671739131227 1799.066659815977 Verona_1_0
125 151 1802.6637274188386 1810.0632133216927 Freiburg_0_0
152 180 1812.005567081685 1819.4050529845392 Stuttgart_0_0
154 182 1819.602371232661 1827.0018571355151 Stuttgart_1_0
153 181 1827.1655692911131 1834.5650551939673 Stuttgart_0_1
155 183 1834.7610388492476 1842.1605247521018 Stuttgart_1_1
141 169 1843.1146489045611 1850.5141348074153 Mannheim_0_0
30 40 1856.4842418890148 1863.883727791869 Graz_0_0
31 41 1863.982300106717 1871.3817860095712 Graz_1_0
117 143 1877.04584599572 1884.445331898574 Frankfurt_0_0
121 147 1884.6431571460325 1892.0426430488867 Frankfurt_1_0
119 145 1892.20536192258 1899.6048478254343 Frankfurt_0_1
123 149 1899.801297270746 1907.2007831736003 Frankfurt_1_1
157 185 1909.2636285597835 1916.6631144626376 Troisdorf-Spich_0_0
159 187 1916.8916310728089 1924.291116975663 Troisdorf-Spich_1_0
107 131 1967.6837343076736 1975.0832202105278 Dortmund_0_0
111 135 1975.29678273906 1982.6962686419142 Dortmund_1_0
109 133 1982.8667125301863 1990.2661984330405 Dortmund_0_1
113 137 1990.4781750869995 1997.8776609898537 Dortmund_1_1
132 158 1999.944308363286 2007.34379426614 Kassel_0_0
134 160 2007.5156561943504 2014.9151420972046 Kassel_1_0
34 44 2019.721532761354 2027.1210186642081 Vienna_0_0
133 159 2032.0725059603112 2039.4719918631654 Kassel_0_1
135 161 2039.6427127031563 2047.0421986060105 Kassel_1_1
36 46 2051.9087703046725 2059.3082562075265 Vienna_1_0
35 45 2059.3923123406225 2066.7917982434765 Vienna_0_1
37 47 2066.8772645148674 2074.2767504177214 Vienna_1_1
126 152 2078.540423292735 2085.939909195589 Hamburg_0_0
127 153 2085.9600674588633 2093.359553361717 Hamburg_0_1
390 514 2110.155698516499 2117.555184419353 Aberdeen_0_0
377 495 2136.1447988133505 2143.5442847162044 Gothenburg_0_0
379 497 2143.649154171931 2151.048640074785 Gothenburg_1_0
378 496 2151.147295627914 2158.546781530768 Gothenburg_0_1
380 498 2158.6510561647697 2166.0505420676236 Gothenburg_1_1
230 278 2127.0502841220314 2134.4497700248853 Warsaw_0_0
231 279 2134.4559717477455 2141.8554576505994 Warsaw_0_1
381 499 2143.0872448778055 2150.4867307806594 Stockholm_0_0
382 500 2150.4948989838995 2157.8943848867534 Stockholm_0_1
209 249 4559.245636045933 4566.645121948787 Auckland_0_0
216 258 4571.6235946416855 4579.02308054454 Hamilton_0_1
213 255 4579.102488878434 4586.5019747812885 Hamilton_0_0
246 310 7603.696090966463 7611.0955768693175 Vila Franca Xira_0_0
252 316 7611.2139799346105 7618.613465837465 Vila Franca Xira_1_0
249 313 7618.721079111817 7626.120565014671 Vila Franca Xira_0_1
255 319 7626.238415874201 7633.637901777055 Vila Franca Xira_1_1
362 477 7635.314810102552 7642.714296005406 Sevilla_1_0
363 480 7642.718308654227 7650.117794557082 Sevilla_1_1
242 304 7651.547136596326 7658.94662249918 Porto_0_0
243 307 7658.954322538379 7666.353808441233 Porto_0_1
368 485 7666.391756569499 7673.791242472354 Vigo_0_0
371 488 7673.798413003986 7681.19789890684 Vigo_0_1
344 445 7687.568133622408 7694.967619525262 La Coruna_0_0
346 451 7695.064869309222 7702.464355212076 La Coruna_1_0
345 448 7702.556223828121 7709.955709730975 La Coruna_0_1
338 431 7710.052648490773 7717.452134393628 Ferrol_0_0
347 454 7717.452232491941 7724.851718394795 La Coruna_1_1
339 434 7724.856668579211 7732.2561544820655 Ferrol_0_1
323 405 7733.708224066375 7741.107709969229 Barajas_0_0
324 408 7741.108893608929 7748.5083795117835 Barajas_0_1
350 457 7758.309846788645 7765.709332691499 Las Rozas_0_0
359 468 7808.720000863075 7816.11948676593 Santander_0_0
165 197 7838.826816678047 7846.226302580902 Shannon_0_0
168 200 7846.2266242004935 7853.626110103348 Shannon_0_1
402 531 7909.357362747192 7916.756848650047 Belfast_0_0
403 534 7916.762678371861 7924.162164274715 Belfast_0_1
409 543 7959.774466663599 7967.173952566453 Glasgow_0_0
410 546 7967.221740021813 7974.621225924668 Glasgow_1_0
391 515 8042.32187461853 8049.721360521385 Aberdeen_0_0
29 39 10439.82998970151 10447.229475604363 Sydney_0_1
27 37 10447.313418778891 10454.712904681744 Sydney_0_0
7 7 10506.383065074682 10513.782550977536 Adelaide_1_1
3 3 10514.07929140064 10521.478777303493 Adelaide_0_1
21 23 10541.490156993266 10548.88964289612 Derrimut_1_1
5 5 10568.488013831588 10575.887499734441 Adelaide_1_0
15 17 10594.91817826087 10602.317664163724 Derrimut_0_1
1 1 10621.647100918257 10629.04658682111 Adelaide_0_0
18 20 10649.11349770999 10656.512983612844 Derrimut_1_0
12 14 10657.079375357713 10664.478861260566 Derrimut_0_0
54 72 12553.30598193407 12560.705467836924 Rio De Janeiro_1_0
53 71 12560.897061583024 12568.296547485877 Rio De Janeiro_0_0
57 75 12592.505259692669 12599.904745595522 Santos_1_0
58 76 12599.918447191654 12607.317933094508 Santos_1_1
55 73 12607.443446966776 12614.84293286963 Santos_0_0
56 74 12614.856124360385 12622.255610263239 Santos_0_1
50 68 12622.346355212001 12629.745841114855 Guarulhos_0_0
59 77 12629.849493376434 12637.248979279288 Sao Paulo_0_0
51 69 12637.36570338966 12644.765189292513 Guarulhos_0_1
60 78 12644.869399820864 12652.268885723717 Sao Paulo_0_1
48 66 12652.48822591525 12659.887711818103 Campinas_0_0
49 67 12659.899590374305 12667.299076277159 Campinas_0_1
52 70 12668.20747996298 12675.606965865834 Paranagua_0_0
62 80 13736.23810377717 13743.637589680024 Cambridge_1_0
61 79 13743.734090380716 13751.13357628357 Cambridge_0_0
